# Camera parameters based on YCBV dataset camera parameters
image_width: 640
image_height: 480
camera_name: "webcam"
camera_matrix:
  rows: 3
  cols: 3
  data: [616.65478515625, 0.0, 320.1537780761719, 0.0,  616.7604370117188, 239.47991943359375, 0.0, 0.0, 1.0]
distortion_model: "plumb_bob"
distortion_coefficients:
  rows: 1
  cols: 5
  data: [0.0, 0.0, 0.0, 0.0, 0.0]
rectification_matrix:
  rows: 3
  cols: 3
  data: [1.0, 0.0, 0.0, 0.0, 1.0, 0.0, 0.0, 0.0, 1.0]
projection_matrix:
  rows: 3
  cols: 4
  data: [616.65478515625, 0.0,              320.1537780761719,  0.0,
          0.0,           616.7604370117188, 239.47991943359375, 0.0,
          0.0,           0.0,               1.0,                0.0]
